configurationID,cabac,ref,deblock,analyse,me,subme,mixed_ref,me_range,trellis,8x8dct,fast_pskip,chroma_qp_offset,bframes,b_pyramid,b_adapt,direct,weightb,open_gop,weightp,scenecut,rc_lookahead,mbtree,qpmax,aq-mode,size,usertime,systemtime,elapsedtime,cpu,frames,fps,kbs
1,0,1,0:0:0,0:0,dia,0,0,16,0,0,1,0,0,None,None,None,None,None,0,0,None,0,69,0,564733,, 0m0.381s, 120 , 1257.37 , 225.89
2,1,1,1:0:0,0x3:0x3,dia,1,0,16,0,1,1,0,3,2,1,auto,1,0,1,40,None,0,69,1,491947,, 0m0.699s, 120 , 665.99 , 196.78
11,0,1,1:0:0,0:0,dia,2,0,16,0,0,1,0,0,None,None,None,None,None,0,0,None,0,69,0,461538,, 0m0.539s, 120 , 1043.31 , 184.62
101,1,2,1:0:0,0x3:0x113,hex,6,1,16,1,1,1,0,8,2,1,spatial,1,0,1,0,60,1,69,1,465281,, 0m1.713s, 120 , 206.49 , 186.11
102,1,2,1:0:0,0x3:0x113,hex,6,1,16,1,1,1,0,8,2,1,auto,1,0,1,0,10,1,69,0,632177,, 0m1.776s, 120 , 241.13 , 252.87
103,1,2,0:0:0,0x3:0x3,umh,6,1,16,1,1,1,0,8,2,1,spatial,1,0,1,0,10,1,69,0,617988,, 0m1.902s, 120 , 240.61 , 247.20
104,1,16,1:0:0,0x3:0x113,hex,6,1,24,1,1,1,-2,3,2,1,auto,1,0,1,40,30,0,69,1,364381,, 0m2.913s, 120 , 257.03 , 145.75
105,1,7,1:0:0,0x3:0x113,dia,6,1,24,1,1,1,-2,3,2,1,spatial,1,0,1,40,30,0,69,1,422392,, 0m1.799s, 120 , 308.37 , 168.96
106,0,5,1:0:0,0x3:0x113,tesa,0,1,16,1,1,1,-2,3,2,1,auto,1,0,1,40,30,1,69,1,616908,, 0m1.432s, 120 , 375.13 , 246.76
107,0,5,1:0:0,0x3:0x3,umh,0,1,16,1,1,0,-2,3,2,1,auto,1,0,1,40,30,1,69,1,581605,, 0m1.551s, 120 , 205.33 , 232.64
108,1,2,0:0:0,0x113:0x113,hex,6,1,24,0,1,1,-2,3,2,1,auto,1,0,1,40,30,1,69,1,522295,, 0m1.502s, 120 , 242.34 , 208.92
109,1,2,0:0:0,0x113:0x113,hex,6,1,16,1,0,0,-2,3,2,1,auto,1,0,1,40,30,1,69,1,513509,, 0m1.614s, 120 , 247.94 , 205.40
110,1,2,0:0:0,0x113:0x113,hex,6,1,24,1,0,1,-2,3,2,1,auto,1,0,1,40,30,1,69,0,683866,, 0m1.680s, 120 , 240.61 , 273.55
12,0,1,1:0:0,0:0,dia,2,0,24,0,0,1,0,0,None,None,None,None,None,0,0,None,0,69,0,461538,, 0m0.551s, 120 , 908.79 , 184.62
111,1,2,0:0:0,0x113:0x113,hex,10,1,24,1,1,1,0,3,2,1,auto,1,0,2,40,30,0,69,1,367167,, 0m2.172s, 120 , 281.15 , 146.87
112,1,3,1:0:0,0x3:0x113,hex,7,1,16,1,1,1,-2,3,2,1,auto,1,0,2,40,50,1,69,1,498963,, 0m2.060s, 120 , 223.03 , 199.59
113,1,3,1:0:0,0x3:0x113,umh,7,1,16,1,1,1,-2,3,2,1,auto,1,0,2,40,40,1,69,1,489345,, 0m2.240s, 120 , 221.71 , 195.74
114,1,3,1:0:0,0x3:0x113,hex,7,1,16,0,1,1,-2,3,2,1,spatial,1,0,2,40,40,1,69,1,499003,, 0m1.912s, 120 , 229.37 , 199.60
115,1,7,1:0:0,0x3:0x113,hex,7,1,16,1,1,1,-2,3,2,1,auto,1,0,2,40,40,1,69,0,670851,, 0m2.553s, 120 , 206.69 , 268.34
116,1,3,1:0:0,0x3:0x113,hex,10,1,16,1,1,1,0,3,2,1,auto,1,0,1,40,40,1,69,1,421937,, 0m2.320s, 120 , 210.59 , 168.77
117,1,3,1:0:0,0x3:0x3,hex,7,1,16,1,1,1,-2,3,2,1,auto,1,0,2,40,40,1,69,1,498826,, 0m2.070s, 120 , 218.02 , 199.53
118,0,3,1:0:0,0x3:0x3,hex,7,1,16,1,1,1,-2,3,2,1,auto,1,0,2,40,40,1,69,1,574509,, 0m2.196s, 120 , 222.75 , 229.80
119,1,3,1:0:0,0x3:0x3,hex,7,1,16,1,0,1,0,16,2,1,auto,1,0,2,40,40,1,69,1,440578,, 0m1.976s, 120 , 215.26 , 176.23
120,1,3,1:0:0,0x3:0x3,hex,7,1,16,1,0,1,0,16,2,1,auto,1,0,2,40,30,1,69,1,439955,, 0m1.964s, 120 , 219.55 , 175.98
13,0,1,1:0:0,0:0,dia,0,0,16,0,0,1,0,0,None,None,None,None,None,0,0,None,0,69,0,564415,, 0m0.399s, 120 , 1402.84 , 225.77
121,1,3,1:0:0,0x3:0x3,hex,7,1,16,1,0,1,0,16,2,1,spatial,1,0,2,40,40,1,69,0,610716,, 0m2.041s, 120 , 208.52 , 244.29
122,1,3,1:0:0,0x3:0x3,hex,7,1,16,1,0,1,0,16,2,1,auto,1,0,1,40,40,1,69,1,441803,, 0m1.837s, 120 , 215.19 , 176.72
123,1,3,1:0:0,0x3:0x113,hex,11,1,16,0,0,1,0,16,2,1,auto,1,0,2,40,40,1,69,1,427588,, 0m2.133s, 120 , 201.01 , 171.04
124,1,3,1:0:0,0x3:0x3,hex,7,1,16,1,0,1,0,16,2,1,auto,1,0,2,0,50,0,69,0,394627,, 0m1.829s, 120 , 261.43 , 157.85
125,1,3,1:0:0,0x3:0x3,hex,7,1,16,1,0,1,0,16,2,1,auto,1,0,2,40,30,0,69,0,394628,, 0m1.849s, 120 , 259.90 , 157.85
126,1,3,0:0:0,0x3:0x3,hex,7,1,16,1,0,0,-2,16,2,1,auto,1,0,2,0,50,0,69,0,431361,, 0m1.918s, 120 , 263.40 , 172.54
127,1,5,1:0:0,0x3:0x113,dia,4,1,16,1,1,1,-2,3,2,1,auto,1,0,2,40,40,1,69,1,525906,, 0m1.550s, 120 , 329.87 , 210.36
128,1,5,0:0:0,0x3:0x113,dia,4,1,16,1,1,1,-2,3,2,1,spatial,1,0,2,40,40,1,69,1,523423,, 0m1.671s, 120 , 316.84 , 209.37
129,0,5,0:0:0,0x3:0x3,dia,4,1,24,1,0,1,-2,3,2,1,spatial,1,0,2,40,40,1,69,1,602926,, 0m1.790s, 120 , 306.85 , 241.17
130,1,5,0:0:0,0x3:0x113,dia,4,1,16,0,1,1,-2,3,2,1,spatial,1,0,2,40,20,0,69,1,476269,, 0m1.393s, 120 , 453.18 , 190.51
14,0,1,0:0:0,0:0,dia,0,1,16,0,0,1,0,0,None,None,None,None,None,0,0,None,0,69,0,564733,, 0m0.360s, 120 , 1407.74 , 225.89
131,1,5,0:0:0,0x3:0x3,dia,4,0,16,1,1,0,-2,3,2,1,spatial,1,0,2,40,20,0,69,1,481906,, 0m1.755s, 120 , 398.03 , 192.76
132,1,7,0:0:0,0x3:0x113,dia,4,1,16,1,1,0,-2,3,2,1,spatial,1,0,2,40,20,0,69,1,477955,, 0m1.964s, 120 , 358.31 , 191.18
133,1,5,0:0:0,0x3:0x113,dia,4,1,16,1,1,0,-2,3,2,1,auto,1,0,2,40,20,0,69,1,484684,, 0m1.660s, 120 , 400.52 , 193.87
134,1,3,1:0:0,0x3:0x113,hex,7,1,16,1,1,1,-2,3,2,1,auto,1,0,2,40,None,1,69,1,498826,, 0m2.085s, 120 , 214.47 , 199.53
135,1,3,1:0:0,0x3:0x113,hex,11,1,16,1,1,1,-2,0,None,None,None,None,None,0,0,None,0,69,1,364431,, 0m1.485s, 120 , 409.37 , 145.77
136,1,5,0:0:0,0x3:0x113,hex,7,1,16,1,1,1,0,0,None,None,None,None,None,0,0,None,1,69,0,685801,, 0m1.842s, 120 , 277.58 , 274.32
137,1,3,1:0:0,0x3:0x113,hex,6,1,16,1,1,1,-2,0,None,None,None,None,None,0,0,None,0,69,1,367866,, 0m1.350s, 120 , 474.48 , 147.15
138,0,5,0:0:0,0x113:0x113,tesa,10,0,24,2,1,0,-2,3,2,1,spatial,1,0,2,40,50,1,69,1,466407,, 0m12.588s, 120 , 47.05 , 186.56
139,1,16,0:0:0,0x113:0x113,tesa,10,1,24,2,0,1,-2,3,2,1,spatial,1,0,2,40,50,1,69,0,485955,, 0m20.236s, 120 , 36.50 , 194.38
140,1,16,1:0:0,0x113:0x113,hex,10,1,24,2,1,1,-2,8,2,1,spatial,1,0,2,40,30,1,69,0,533700,, 0m7.188s, 120 , 95.81 , 213.48
15,0,1,0:0:0,0:0,dia,0,0,16,0,0,1,0,0,None,None,auto,None,None,0,0,None,0,69,0,564733,, 0m0.379s, 120 , 1553.98 , 225.89
141,1,16,0:0:0,0x113:0x113,hex,10,1,24,1,1,0,-2,3,2,1,spatial,1,0,2,None,50,1,69,0,567735,, 0m4.766s, 120 , 148.32 , 227.09
142,1,16,0:0:0,0x113:0x113,hex,11,0,24,2,0,1,-2,0,None,None,None,None,None,0,0,None,0,69,1,311085,, 0m5.733s, 120 , 88.66 , 124.43
143,1,16,0:0:0,0x113:0x113,hex,10,1,24,2,1,1,-2,0,None,None,None,None,None,0,0,None,1,69,0,661625,, 0m6.532s, 120 , 73.07 , 264.65
144,0,8,0:0:0,0x113:0x113,umh,10,1,24,2,0,1,-2,0,None,None,None,None,None,0,0,None,0,69,1,350753,, 0m7.168s, 120 , 61.07 , 140.30
145,0,5,1:0:0,0x3:0x113,hex,8,1,16,2,1,1,0,3,2,1,spatial,1,0,2,40,50,1,69,1,501347,, 0m4.086s, 120 , 126.74 , 200.54
146,1,5,1:0:0,0x113:0x113,hex,8,1,16,2,1,1,0,3,2,1,spatial,1,0,2,40,50,1,69,1,438335,, 0m2.953s, 120 , 178.06 , 175.33
147,0,1,0:0:0,0x3:0x113,hex,8,1,16,1,1,1,0,3,2,1,spatial,1,0,2,40,50,1,69,0,710996,, 0m2.066s, 120 , 218.64 , 284.40
148,0,3,0:0:0,0:0,hex,8,1,16,2,1,1,0,3,2,1,spatial,1,0,2,40,20,0,69,0,451023,, 0m3.913s, 120 , 141.97 , 180.41
149,0,3,1:0:0,0x3:0x113,hex,8,1,16,2,1,0,0,3,2,1,spatial,1,0,2,40,40,0,69,0,458737,, 0m4.040s, 120 , 138.05 , 183.49
150,1,3,1:0:0,0x3:0x113,hex,8,1,16,1,1,0,0,3,2,1,spatial,1,0,2,40,60,0,69,1,382666,, 0m2.114s, 120 , 291.87 , 153.07
16,0,1,0:0:0,0:0,dia,0,0,16,0,0,1,0,0,None,None,spatial,None,None,0,0,None,0,69,0,564733,, 0m0.405s, 120 , 1208.79 , 225.89
151,0,3,1:0:0,0x3:0x113,umh,8,1,16,2,1,0,0,3,2,1,spatial,1,0,2,40,60,0,69,1,421449,, 0m4.082s, 120 , 156.53 , 168.58
152,1,3,1:0:0,0x3:0x113,hex,8,1,16,2,1,0,0,3,2,1,spatial,1,0,2,40,60,0,69,1,378511,, 0m2.845s, 120 , 254.01 , 151.40
153,1,3,1:0:0,0x3:0x113,hex,8,1,16,2,1,0,0,3,2,1,auto,1,0,2,40,60,0,69,1,377930,, 0m2.897s, 120 , 244.75 , 151.17
154,1,3,0:0:0,0x3:0x113,hex,8,1,16,2,1,0,0,3,2,1,spatial,1,0,2,40,10,0,69,1,377785,, 0m2.814s, 120 , 246.73 , 151.11
155,1,3,1:0:0,0x3:0x113,hex,8,1,16,0,1,0,0,3,2,1,spatial,1,0,2,40,60,0,69,1,385917,, 0m1.955s, 120 , 296.65 , 154.37
156,1,3,1:0:0,0x3:0x113,hex,8,1,16,2,1,0,0,3,2,1,spatial,1,0,2,40,10,0,69,0,397778,, 0m2.778s, 120 , 249.83 , 159.11
157,1,8,1:0:0,0x3:0x113,umh,10,1,16,2,1,1,-2,3,2,2,spatial,None,0,2,40,60,1,69,1,410796,, 0m6.609s, 120 , 90.29 , 164.32
158,1,8,1:0:0,0x3:0x3,umh,9,1,16,2,1,1,-2,3,2,2,spatial,1,0,2,40,60,1,69,1,432196,, 0m4.561s, 120 , 117.38 , 172.88
159,1,16,1:0:0,0x3:0x3,umh,9,0,16,2,1,1,-2,3,2,2,spatial,1,0,2,40,60,1,69,1,361647,, 0m6.447s, 120 , 100.33 , 144.66
160,1,16,1:0:0,0x113:0x113,umh,6,1,16,2,1,1,-2,3,2,2,spatial,1,0,2,40,30,1,69,1,420666,, 0m4.552s, 120 , 127.42 , 168.27
17,0,1,0:0:0,0:0,hex,0,0,16,0,0,1,0,0,None,None,None,None,None,0,0,None,0,69,0,630431,, 0m0.389s, 120 , 1325.69 , 252.17
161,1,3,1:0:0,0x113:0x113,umh,6,1,16,0,1,0,-2,3,2,2,auto,1,0,2,40,60,1,69,1,527914,, 0m2.054s, 120 , 146.54 , 211.17
162,1,16,1:0:0,0x113:0x113,umh,6,1,16,2,1,1,-2,3,2,2,spatial,1,0,2,40,None,0,69,1,323786,, 0m4.442s, 120 , 147.17 , 129.51
163,1,16,1:0:0,0x113:0x113,umh,6,1,16,2,1,1,-2,0,None,None,None,None,None,0,0,60,0,69,0,316437,, 0m3.971s, 120 , 129.76 , 126.57
164,0,5,1:0:0,0x113:0x113,umh,6,1,16,2,0,1,-2,0,None,None,None,None,None,0,0,20,1,69,0,799602,, 0m2.930s, 120 , 163.19 , 319.84
165,0,16,1:0:0,0x113:0x113,hex,6,1,24,0,1,1,0,3,2,2,auto,1,0,2,40,10,0,69,0,374210,, 0m2.712s, 120 , 172.60 , 149.68
166,0,16,0:0:0,0x113:0x113,hex,6,1,24,1,1,1,0,0,None,None,None,None,None,0,0,50,0,69,0,375289,, 0m2.627s, 120 , 211.11 , 150.12
167,1,8,1:0:0,0x113:0x113,dia,7,1,24,1,1,1,0,0,None,None,None,None,None,0,0,50,0,69,0,350431,, 0m1.636s, 120 , 359.06 , 140.17
168,1,8,1:0:0,0x3:0x113,umh,9,0,16,0,1,1,-2,3,2,1,spatial,1,0,2,40,30,1,69,1,428202,, 0m3.624s, 120 , 191.30 , 171.28
169,1,8,0:0:0,0x3:0x113,umh,9,0,16,0,1,1,-2,3,2,2,spatial,1,0,2,40,30,1,69,1,427954,, 0m3.719s, 120 , 138.11 , 171.18
170,1,8,1:0:0,0x3:0x113,umh,9,1,16,2,1,1,0,3,2,2,spatial,1,0,2,40,60,1,69,1,394092,, 0m4.405s, 120 , 118.86 , 157.64
18,0,1,0:0:0,0:0,dia,0,0,16,0,0,1,0,3,2,1,None,1,0,0,0,None,0,69,0,640343,, 0m0.546s, 120 , 732.35 , 256.14
171,1,8,1:0:0,0x3:0x113,umh,9,1,16,2,1,1,-2,3,2,2,spatial,1,0,2,40,50,1,69,1,435820,, 0m4.597s, 120 , 120.81 , 174.33
172,1,8,1:0:0,0x3:0x113,umh,9,1,16,2,1,1,-2,3,2,2,spatial,1,0,2,40,50,1,69,0,627493,, 0m4.743s, 120 , 118.04 , 251.00
173,1,2,1:0:0,0x3:0x113,umh,1,1,16,2,1,1,-2,3,2,2,spatial,1,0,2,40,50,1,69,1,477457,, 0m1.222s, 120 , 353.73 , 190.98
174,1,3,1:0:0,0x3:0x113,umh,6,1,16,2,1,1,-2,3,2,2,spatial,1,0,2,40,50,0,69,1,425445,, 0m2.311s, 120 , 183.15 , 170.18
175,1,2,1:0:0,0x113:0x113,umh,1,1,16,2,1,1,-2,3,2,2,spatial,1,0,2,40,50,1,69,1,477457,, 0m1.225s, 120 , 334.51 , 190.98
176,1,2,1:0:0,0x3:0x113,umh,9,0,24,2,1,1,-2,16,2,2,spatial,1,0,2,40,50,1,69,1,449987,, 0m6.256s, 120 , 55.29 , 179.99
177,1,2,1:0:0,0x3:0x113,umh,1,0,24,2,1,0,-2,16,2,2,auto,1,0,2,40,20,1,69,1,483674,, 0m2.774s, 120 , 101.42 , 193.47
178,1,8,1:0:0,0x3:0x113,umh,10,0,24,2,1,0,-2,16,2,2,auto,1,0,2,40,20,1,69,1,342649,, 0m9.721s, 120 , 46.53 , 137.06
179,1,8,1:0:0,0x3:0x113,umh,9,1,16,2,1,1,-2,3,2,2,spatial,1,0,2,0,60,1,69,0,626856,, 0m4.705s, 120 , 114.86 , 250.74
180,1,8,1:0:0,0x3:0x113,hex,9,1,16,2,1,1,-2,3,2,2,spatial,1,0,2,40,60,1,69,1,468594,, 0m3.921s, 120 , 122.48 , 187.44
19,1,1,0:0:0,0:0,dia,0,0,16,0,0,1,0,0,None,None,None,None,None,0,0,None,0,69,0,508340,, 0m0.407s, 120 , 1337.43 , 203.34
181,1,8,0:0:0,0x3:0x113,umh,9,1,16,2,1,1,-2,3,2,2,spatial,1,0,2,40,10,1,69,1,437875,, 0m4.638s, 120 , 139.66 , 175.15
182,1,8,0:0:0,0x3:0x113,umh,9,1,16,2,1,1,-2,3,2,2,spatial,1,0,2,40,40,1,69,1,431736,, 0m4.513s, 120 , 126.91 , 172.69
183,1,16,1:0:0,0x3:0x113,umh,10,1,24,2,1,1,0,8,2,2,spatial,1,0,2,40,60,1,69,1,296617,, 0m8.984s, 120 , 55.97 , 118.65
184,1,16,1:0:0,0x3:0x113,umh,10,1,24,2,1,1,-2,8,2,2,spatial,1,0,0,40,60,1,69,0,502924,, 0m9.787s, 120 , 53.96 , 201.17
185,1,16,0:0:0,0x3:0x113,umh,10,1,24,2,1,1,-2,8,2,2,spatial,1,0,2,40,60,1,69,1,335379,, 0m9.270s, 120 , 53.58 , 134.15
186,1,8,1:0:0,0x3:0x113,umh,10,1,24,2,1,1,-2,8,2,2,spatial,1,0,2,40,50,1,69,1,397500,, 0m7.297s, 120 , 61.55 , 159.00
187,0,16,1:0:0,0x3:0x113,umh,10,1,24,2,1,1,-2,8,2,2,spatial,1,0,2,40,60,1,69,1,368959,, 0m12.376s, 120 , 46.80 , 147.58
188,1,16,1:0:0,0x3:0x113,umh,10,1,24,2,1,1,-2,8,2,2,auto,1,0,2,40,60,1,69,1,336597,, 0m9.320s, 120 , 55.35 , 134.64
189,1,16,0:0:0,0x3:0x113,hex,11,1,24,2,1,1,-2,8,2,2,spatial,1,0,2,40,60,1,69,1,384078,, 0m9.888s, 120 , 53.75 , 153.63
190,0,16,0:0:0,0x3:0x113,hex,11,1,24,2,1,1,-2,8,2,2,spatial,1,0,2,40,60,1,69,0,608640,, 0m16.488s, 120 , 34.88 , 243.46
20,0,1,0:0:0,0:0,dia,0,0,16,0,0,1,0,0,None,None,None,None,None,0,0,10,0,69,0,564733,, 0m0.371s, 120 , 1283.64 , 225.89
191,1,16,1:0:0,0x3:0x133,tesa,11,0,24,2,1,0,-2,16,2,2,spatial,1,0,2,40,60,1,69,1,305246,, 0m29.740s, 120 , 23.13 , 122.10
192,1,16,1:0:0,0x3:0x133,tesa,11,1,24,2,1,0,-2,16,2,2,auto,1,0,2,40,60,1,69,1,306066,, 0m29.918s, 120 , 23.07 , 122.43
193,1,16,1:0:0,0x3:0x133,tesa,11,1,24,2,1,0,-2,16,2,2,spatial,1,0,2,40,30,1,69,1,305246,, 0m29.582s, 120 , 23.18 , 122.10
194,0,16,1:0:0,0x3:0x133,tesa,11,1,24,2,1,0,-2,16,2,2,spatial,1,0,2,40,60,1,69,1,338911,, 0m33.602s, 120 , 21.22 , 135.56
195,1,16,1:0:0,0x3:0x133,tesa,11,1,24,2,1,0,-2,16,2,2,spatial,1,0,2,40,60,0,69,1,228822,, 0m28.138s, 120 , 25.59 , 91.53
196,1,16,0:0:0,0x3:0x133,tesa,11,1,24,2,1,0,-2,16,2,2,spatial,1,0,2,40,60,1,69,1,305041,, 0m29.454s, 120 , 23.12 , 122.02
197,1,16,1:0:0,0x3:0x133,tesa,7,1,24,2,1,0,-2,16,2,2,spatial,1,0,2,40,60,1,69,1,377820,, 0m24.708s, 120 , 26.06 , 151.13
198,1,16,1:0:0,0x3:0x133,hex,11,1,24,2,1,0,-2,16,2,2,spatial,1,0,2,40,60,1,69,1,352836,, 0m11.970s, 120 , 43.99 , 141.13
199,1,16,1:0:0,0x3:0x3,tesa,11,1,24,2,1,0,-2,16,2,2,spatial,1,0,2,40,60,1,69,1,305246,, 0m29.597s, 120 , 23.05 , 122.10
200,1,16,1:0:0,0:0,tesa,11,1,24,2,1,0,-2,16,2,2,spatial,1,0,2,40,60,1,69,1,305246,, 0m29.683s, 120 , 23.46 , 122.10
3,1,1,1:0:0,0x3:0x113,hex,2,0,16,0,1,1,0,3,2,1,auto,1,0,1,40,10,1,69,1,449185,, 0m0.945s, 120 , 488.79 , 179.67
21,0,1,0:0:0,0:0,dia,0,0,16,0,0,1,0,0,None,None,None,None,None,0,0,None,1,69,0,745388,, 0m0.495s, 120 , 748.15 , 298.16
201,1,16,1:0:0,0:0,tesa,11,1,16,2,1,0,-2,16,2,2,spatial,1,0,2,40,60,1,69,0,472993,, 0m24.098s, 120 , 26.37 , 189.20
22,0,1,0:0:0,0:0,dia,0,0,16,0,0,1,0,0,None,None,None,None,None,0,0,None,0,69,1,496579,, 0m0.394s, 120 , 1168.96 , 198.63
23,0,1,0:0:0,0:0,dia,1,0,16,0,0,1,0,0,None,None,None,None,None,0,0,None,0,69,0,543031,, 0m0.451s, 120 , 1271.15 , 217.21
24,0,1,0:0:0,0x3:0x133,dia,0,0,16,0,0,1,0,0,None,None,None,None,None,0,0,None,0,69,0,564733,, 0m0.337s, 120 , 1544.12 , 225.89
25,0,1,0:0:0,0x3:0x3,dia,0,0,16,0,0,1,0,0,None,None,None,None,None,0,0,None,0,69,0,564733,, 0m0.377s, 120 , 1455.09 , 225.89
26,0,1,0:0:0,0:0,dia,11,0,16,0,0,1,0,0,None,None,None,None,None,0,0,None,0,69,0,417117,, 0m0.868s, 120 , 706.99 , 166.85
27,0,1,0:0:0,0:0,dia,11,0,16,0,0,1,0,16,2,1,None,1,None,0,0,None,0,69,0,451543,, 0m1.362s, 120 , 314.64 , 180.62
28,0,1,0:0:0,0:0,dia,0,0,16,2,0,1,0,0,None,None,None,None,None,0,0,None,0,69,0,561535,, 0m0.801s, 120 , 621.24 , 224.61
29,0,1,0:0:0,0:0,dia,0,0,16,0,0,1,0,0,None,None,None,None,None,2,0,None,0,69,0,564790,, 0m0.430s, 120 , 1208.70 , 225.92
30,1,1,0:0:0,0:0,dia,0,1,16,0,0,1,0,0,None,None,None,None,None,0,0,None,0,69,0,508340,, 0m0.433s, 120 , 1172.01 , 203.34
4,1,2,1:0:0,0x3:0x113,hex,4,0,16,0,1,1,0,3,2,1,auto,1,0,1,40,20,1,69,1,433624,, 0m1.146s, 120 , 398.93 , 173.45
31,0,1,0:0:0,0:0,dia,0,1,16,0,0,1,-2,0,None,None,None,None,None,0,0,None,0,69,0,624199,, 0m0.393s, 120 , 1358.74 , 249.68
32,0,1,0:0:0,0:0,dia,0,0,16,0,0,0,0,0,None,None,None,None,None,0,0,None,0,69,0,561117,, 0m0.425s, 120 , 1280.41 , 224.45
33,0,1,1:0:0,0x3:0x3,dia,1,0,16,0,1,1,0,3,2,1,auto,1,0,1,40,None,0,69,1,552857,, 0m0.707s, 120 , 640.72 , 221.14
34,1,1,1:0:0,0x3:0x3,dia,1,0,24,0,1,1,0,3,2,1,auto,1,0,1,40,None,0,69,1,491947,, 0m0.745s, 120 , 626.94 , 196.78
35,1,1,1:0:0,0x3:0x3,dia,1,0,16,0,1,0,0,3,2,1,auto,1,0,1,40,None,0,69,1,498915,, 0m0.729s, 120 , 611.83 , 199.57
36,1,1,1:0:0,0x3:0x3,dia,1,0,16,0,1,1,0,3,2,1,spatial,1,0,1,40,None,0,69,1,491411,, 0m0.688s, 120 , 644.71 , 196.56
37,1,1,1:0:0,0x3:0x3,dia,2,0,16,0,1,1,0,3,2,1,auto,1,0,1,40,None,0,69,1,469678,, 0m0.957s, 120 , 524.98 , 187.87
38,1,1,1:0:0,0x3:0x3,dia,2,0,16,0,1,1,0,3,2,1,auto,1,0,2,40,None,0,69,1,469678,, 0m0.913s, 120 , 531.75 , 187.87
39,1,1,1:0:0,0x3:0x133,dia,2,0,16,0,1,1,0,3,2,1,auto,1,0,1,40,None,0,69,1,469678,, 0m0.941s, 120 , 541.05 , 187.87
40,1,1,1:0:0,0x3:0x3,dia,1,0,16,0,1,1,0,3,2,1,auto,1,0,1,40,10,0,69,1,491947,, 0m0.728s, 120 , 664.99 , 196.78
5,1,2,1:0:0,0x3:0x113,hex,6,1,16,1,1,1,-2,3,2,1,auto,1,0,1,40,30,1,69,1,518431,, 0m1.611s, 120 , 246.25 , 207.37
41,1,1,1:0:0,0x3:0x3,dia,1,0,16,0,1,1,0,3,2,1,auto,1,0,1,40,None,0,69,0,562787,, 0m0.715s, 120 , 679.09 , 225.11
42,1,5,1:0:0,0x3:0x3,dia,1,0,16,0,1,1,0,3,2,1,auto,1,0,1,40,None,0,69,1,481276,, 0m0.837s, 120 , 626.50 , 192.51
43,1,1,1:0:0,0x3:0x3,dia,1,0,16,0,1,1,0,3,2,1,auto,1,0,1,40,None,1,69,1,468522,, 0m0.784s, 120 , 424.52 , 187.41
44,0,1,1:0:0,0x3:0x3,dia,1,0,16,0,1,1,0,3,2,1,auto,1,0,1,40,None,1,69,1,524825,, 0m0.732s, 120 , 453.02 , 209.93
45,0,1,1:0:0,0x3:0x3,hex,1,0,16,0,1,1,0,3,2,1,auto,1,0,1,40,None,1,69,1,526384,, 0m0.780s, 120 , 434.60 , 210.55
46,0,1,1:0:0,0x3:0x3,hex,1,0,16,1,1,1,0,3,2,1,auto,1,0,1,40,None,1,69,1,527772,, 0m1.064s, 120 , 413.20 , 211.11
47,0,1,1:0:0,0x3:0x3,umh,1,0,16,0,1,1,0,3,2,1,auto,1,0,1,40,None,1,69,1,510458,, 0m0.780s, 120 , 431.58 , 204.18
48,0,1,1:0:0,0x3:0x3,tesa,1,0,16,0,1,1,0,3,2,1,auto,1,0,1,40,None,1,69,1,513767,, 0m0.969s, 120 , 422.12 , 205.51
49,0,1,0:0:0,0x3:0x3,dia,1,0,16,0,1,1,0,16,2,1,auto,1,0,1,40,None,1,69,1,534478,, 0m0.744s, 120 , 399.55 , 213.79
50,1,1,1:0:0,0x3:0x3,dia,1,1,16,0,1,1,0,3,2,1,auto,1,0,1,40,None,0,69,0,562787,, 0m0.747s, 120 , 640.41 , 225.11
6,1,3,1:0:0,0x3:0x113,hex,7,1,16,1,1,1,-2,3,2,1,auto,1,0,2,40,40,1,69,1,498826,, 0m2.084s, 120 , 223.99 , 199.53
51,1,1,1:0:0,0x3:0x3,dia,1,1,16,0,1,0,0,3,2,1,auto,1,0,1,40,None,0,69,0,540553,, 0m0.718s, 120 , 653.15 , 216.22
52,0,1,0:0:0,0x3:0x3,dia,1,1,16,0,1,0,0,3,2,1,auto,1,0,1,0,None,0,69,0,619558,, 0m0.661s, 120 , 659.87 , 247.82
53,0,1,1:0:0,0x3:0x3,dia,1,1,16,0,1,0,0,3,2,1,auto,1,0,1,40,None,0,69,0,615799,, 0m0.715s, 120 , 655.51 , 246.32
54,1,1,1:0:0,0x3:0x3,tesa,1,1,16,0,1,0,0,3,2,1,auto,1,0,1,40,None,0,69,0,529003,, 0m0.962s, 120 , 625.74 , 211.60
55,1,1,1:0:0,0x3:0x3,dia,1,1,16,0,1,0,0,3,2,2,spatial,1,0,2,40,None,0,69,0,509610,, 0m0.890s, 120 , 474.84 , 203.84
56,1,16,1:0:0,0x3:0x133,dia,1,1,16,0,1,0,0,3,2,2,spatial,1,0,2,40,None,0,69,0,400873,, 0m1.479s, 120 , 398.84 , 160.35
57,1,16,1:0:0,0x3:0x133,dia,1,1,16,0,1,0,0,3,2,2,spatial,1,0,2,40,60,0,69,0,400873,, 0m1.488s, 120 , 383.72 , 160.35
58,0,1,1:0:0,0x3:0x113,hex,2,0,16,0,1,1,0,3,2,1,auto,1,0,1,40,10,1,69,1,500454,, 0m0.889s, 120 , 473.02 , 200.18
59,0,1,1:0:0,0x3:0x113,hex,2,0,16,0,1,1,0,3,2,1,spatial,1,0,1,40,10,1,69,1,500225,, 0m0.938s, 120 , 466.60 , 200.09
60,0,1,1:0:0,0x3:0x113,hex,2,0,16,0,1,1,0,3,2,1,auto,1,0,1,40,10,0,69,1,489170,, 0m0.837s, 120 , 556.16 , 195.67
7,1,5,1:0:0,0x3:0x113,hex,8,1,16,2,1,1,-2,3,2,1,spatial,1,0,2,40,50,1,69,1,484158,, 0m2.971s, 120 , 182.25 , 193.66
61,0,1,1:0:0,0x3:0x3,hex,2,0,16,0,1,1,0,3,2,1,auto,1,0,1,40,10,1,69,1,500454,, 0m0.924s, 120 , 463.45 , 200.18
62,0,1,1:0:0,0:0,hex,2,0,16,0,1,1,0,3,2,1,auto,1,0,1,40,10,1,69,1,500454,, 0m0.947s, 120 , 450.12 , 200.18
63,1,1,1:0:0,0x3:0x113,hex,2,1,16,0,1,1,0,3,2,1,auto,1,0,1,40,10,1,69,1,449185,, 0m0.954s, 120 , 454.44 , 179.67
64,1,1,1:0:0,0x3:0x113,hex,2,0,16,0,0,1,0,3,2,1,auto,1,0,1,40,10,0,69,1,436184,, 0m0.916s, 120 , 557.24 , 174.47
65,1,1,1:0:0,0x3:0x113,hex,2,0,16,0,0,1,0,3,2,1,spatial,1,0,1,40,40,0,69,1,436076,, 0m0.916s, 120 , 521.04 , 174.43
66,1,1,1:0:0,0x3:0x113,hex,1,0,16,0,0,1,0,3,2,1,spatial,1,0,1,40,40,0,69,1,491745,, 0m0.722s, 120 , 649.40 , 196.70
67,1,1,1:0:0,0x3:0x113,hex,2,0,16,0,0,1,0,3,2,1,auto,1,0,1,40,40,0,69,1,436184,, 0m0.914s, 120 , 495.38 , 174.47
68,1,1,1:0:0,0x3:0x113,hex,2,0,16,0,1,1,0,3,2,1,auto,1,0,1,40,20,1,69,0,631575,, 0m0.992s, 120 , 424.04 , 252.63
69,1,1,0:0:0,0x113:0x113,tesa,2,0,16,0,1,1,0,3,2,1,auto,1,0,1,40,10,1,69,1,424530,, 0m1.467s, 120 , 329.72 , 169.81
70,1,1,0:0:0,0x113:0x113,tesa,2,0,16,2,1,1,0,3,2,1,auto,1,0,1,40,10,1,69,1,412500,, 0m1.541s, 120 , 328.72 , 165.00
8,1,8,1:0:0,0x3:0x113,umh,9,1,16,2,1,1,-2,3,2,2,spatial,1,0,2,40,60,1,69,1,432196,, 0m4.589s, 120 , 112.93 , 172.88
71,1,5,1:0:0,0x3:0x113,dia,2,0,16,0,1,1,0,3,2,1,auto,1,0,1,40,10,1,69,1,496324,, 0m1.239s, 120 , 410.47 , 198.53
72,1,5,1:0:0,0x3:0x113,dia,2,0,16,0,1,1,0,8,2,1,auto,1,0,1,40,10,1,69,1,523040,, 0m1.286s, 120 , 340.60 , 209.22
73,1,5,1:0:0,0x3:0x113,dia,8,0,16,0,1,1,0,8,2,1,auto,1,0,1,40,10,1,69,1,441740,, 0m2.050s, 120 , 242.50 , 176.70
74,1,5,1:0:0,0x3:0x113,dia,8,1,16,0,1,1,0,8,2,1,auto,1,0,2,40,10,0,69,1,378162,, 0m1.927s, 120 , 287.48 , 151.26
75,1,2,1:0:0,0x3:0x113,hex,4,0,16,0,1,1,0,3,2,1,auto,1,0,1,0,20,1,69,1,433623,, 0m1.202s, 120 , 389.96 , 173.45
76,1,2,1:0:0,0x113:0x113,hex,4,0,16,0,1,1,0,3,2,1,auto,1,0,1,0,20,1,69,1,433623,, 0m1.164s, 120 , 386.91 , 173.45
77,0,2,1:0:0,0x3:0x113,hex,4,0,16,0,1,1,-2,3,2,1,auto,1,0,1,0,20,1,69,1,537908,, 0m1.116s, 120 , 419.14 , 215.16
78,1,2,1:0:0,0x3:0x113,hex,4,0,16,0,1,1,0,3,2,1,spatial,1,0,1,40,20,1,69,0,608672,, 0m1.168s, 120 , 393.46 , 243.47
79,1,2,1:0:0,0x3:0x113,hex,4,0,16,0,1,1,0,0,None,None,None,None,None,0,0,None,0,69,1,367592,, 0m0.834s, 120 , 731.52 , 147.04
80,1,2,1:0:0,0x3:0x113,hex,4,0,16,0,1,1,0,8,1,1,auto,1,0,1,40,20,1,69,1,439954,, 0m1.200s, 120 , 381.98 , 175.98
9,1,16,1:0:0,0x3:0x113,umh,10,1,24,2,1,1,-2,8,2,2,spatial,1,0,2,40,60,1,69,1,335528,, 0m9.400s, 120 , 52.33 , 134.21
81,0,2,1:0:0,0x3:0x113,hex,4,0,16,0,1,1,0,8,1,1,auto,1,0,1,40,10,1,69,1,487339,, 0m1.135s, 120 , 416.87 , 194.94
82,0,1,1:0:0,0x3:0x113,hex,4,0,16,1,1,1,0,8,1,1,spatial,1,0,1,40,10,1,69,1,492537,, 0m1.411s, 120 , 390.27 , 197.01
83,0,2,1:0:0,0x3:0x113,hex,4,0,24,0,1,1,0,8,1,1,auto,1,0,1,40,10,1,69,1,487339,, 0m1.109s, 120 , 438.74 , 194.94
84,0,2,1:0:0,0x3:0x113,hex,4,0,24,1,1,1,0,8,1,1,auto,1,0,2,40,10,1,69,1,487460,, 0m1.492s, 120 , 383.84 , 194.98
85,0,2,1:0:0,0:0,hex,4,0,24,0,1,1,0,8,1,1,auto,1,0,1,40,10,1,69,1,487339,, 0m1.143s, 120 , 421.98 , 194.94
86,0,2,0:0:0,0:0,hex,4,0,24,0,1,1,0,8,1,1,auto,1,0,1,40,10,1,69,1,489536,, 0m1.153s, 120 , 416.71 , 195.81
87,0,2,1:0:0,0:0,hex,4,1,24,0,1,1,-2,8,1,1,spatial,None,0,1,40,10,1,69,1,540022,, 0m1.231s, 120 , 413.42 , 216.01
88,1,2,1:0:0,0x3:0x113,hex,4,0,16,0,1,1,0,0,None,None,None,None,None,0,0,None,0,69,0,400904,, 0m0.819s, 120 , 773.09 , 160.36
89,1,2,1:0:0,0x3:0x113,umh,7,1,16,0,1,1,0,0,None,None,None,None,None,0,0,None,0,69,1,329855,, 0m1.135s, 120 , 576.03 , 131.94
90,0,2,1:0:0,0x3:0x113,hex,4,0,16,0,1,0,-2,0,None,None,None,None,None,0,0,None,0,69,1,497208,, 0m0.982s, 120 , 673.09 , 198.88
10,1,16,1:0:0,0x3:0x133,tesa,11,1,24,2,1,0,-2,16,2,2,spatial,1,0,2,40,60,1,69,1,305246,, 0m29.859s, 120 , 22.90 , 122.10
91,1,8,1:0:0,0x3:0x113,hex,4,0,16,0,1,1,0,0,None,None,None,None,None,0,0,None,0,69,1,359693,, 0m1.245s, 120 , 488.88 , 143.88
92,0,8,0:0:0,0x3:0x113,hex,4,0,16,0,1,1,0,0,None,None,None,None,None,0,0,None,0,69,0,439137,, 0m1.230s, 120 , 500.56 , 175.65
93,1,2,1:0:0,0x3:0x3,hex,4,0,16,1,1,1,0,3,2,1,auto,1,0,1,40,20,1,69,1,426741,, 0m1.260s, 120 , 399.06 , 170.70
94,1,2,0:0:0,0x3:0x113,hex,4,0,16,0,1,1,0,3,2,1,spatial,1,0,1,40,20,1,69,0,609531,, 0m1.230s, 120 , 409.77 , 243.81
95,0,2,1:0:0,0x3:0x113,hex,11,0,16,0,1,1,0,3,2,1,auto,1,0,1,40,40,0,69,1,407524,, 0m1.888s, 120 , 289.05 , 163.01
96,1,2,1:0:0,0x3:0x113,hex,8,0,16,0,1,1,0,3,2,1,auto,1,0,1,40,20,1,69,1,449026,, 0m1.913s, 120 , 238.26 , 179.61
97,1,2,1:0:0,0x3:0x113,hex,4,1,16,0,1,1,0,3,2,2,auto,1,0,1,40,20,1,69,1,439132,, 0m1.594s, 120 , 250.99 , 175.65
98,1,2,0:0:0,0x3:0x113,hex,4,0,24,0,1,1,0,3,2,1,auto,1,0,1,40,30,1,69,1,434034,, 0m1.124s, 120 , 383.36 , 173.61
99,1,5,1:0:0,0x3:0x113,hex,6,1,16,1,1,0,-2,3,None,1,spatial,1,0,1,40,30,1,69,1,508618,, 0m1.966s, 120 , 239.32 , 203.45
100,0,3,0:0:0,0x113:0x113,hex,6,1,16,1,1,1,-2,3,2,1,auto,1,0,2,40,30,0,69,1,515866,, 0m1.731s, 120 , 307.38 , 206.35
